0.0124
0.0264
0.032
0.038
0.0444
0.048
0.0528
0.0544
0.056
0.0576
0.0624
0.0632
0.0648
0.0676
0.0696
0.0732
0.078
0.0788
0.0848
0.0876
0.09
0.0948
0.096
0.1
0.1008
0.1036
0.106
0.1088
0.11
0.1108
0.1112
0.1116
0.112
0.1144
0.116
0.1168
0.12
0.1216
0.1236
0.1236
0.1244
0.1304
0.1312
0.1336
0.1356
0.1376
0.1404
0.1412
0.1424
0.1452
0.1472
0.1488
0.1496
0.1544
0.1564
0.1572
0.1572
0.1584
0.1588
0.1612
0.1636
0.164
0.1656
0.1664
0.1668
0.1672
0.168
0.1688
0.1688
0.1692
0.1692
0.1696
0.17
0.17
0.17
0.17
0.1712
0.1724
0.1724
0.1724
0.1724
0.1732
0.1736
0.1752
0.1752
0.1752
0.1764
0.1792
0.1804
0.1808
0.1836
0.1836
0.1848
0.1928
0.1936
0.196
0.1976
0.1976
0.1976
0.2
