0.0188
0.0292
0.0336
0.0364
0.0376
0.0392
0.0404
0.0432
0.0432
0.0476
0.0488
0.0532
0.0548
0.0556
0.0584
0.0592
0.0596
0.06
0.0628
0.0644
0.0704
0.0764
0.0856
0.092
0.094
0.104
0.1064
0.1072
0.1088
0.11
0.1148
0.1176
0.1188
0.1204
0.1224
0.1232
0.1236
0.1252
0.1264
0.1272
0.128
0.1288
0.1304
0.1316
0.1316
0.1324
0.1336
0.1372
0.1372
0.1376
0.1376
0.138
0.14
0.1404
0.1416
0.1416
0.1416
0.1416
0.1416
0.1416
0.1416
0.142
0.1428
0.1436
0.144
0.144
0.1452
0.1452
0.1468
0.1476
0.1512
0.1512
0.1544
0.1548
0.1548
0.1572
0.1668
0.1724
0.1776
0.1824
0.184
0.1844
0.1872
0.1892
0.1908
0.192
0.1956
0.1964
0.1976
