0.012
0.0212
0.0272
0.0328
0.036
0.038
0.0388
0.0392
0.0408
0.0416
0.0432
0.0436
0.0452
0.0456
0.046
0.0476
0.048
0.0484
0.0484
0.0484
0.05
0.054
0.0552
0.064
0.0684
0.0808
0.0928
0.098
0.1012
0.1052
0.1076
0.1092
0.1104
0.1108
0.1152
0.12
0.1228
0.1256
0.132
0.1348
0.1364
0.1384
0.14
0.14
0.1416
0.1436
0.1468
0.1468
0.1476
0.148
0.1484
0.1484
0.1488
0.15
0.1504
0.1512
0.1516
0.154
0.154
0.1548
0.1556
0.1564
0.1572
0.1576
0.1576
0.1576
0.158
0.1588
0.1592
0.1592
0.1592
0.1592
0.1596
0.16
0.16
0.1632
0.166
0.1688
0.1708
0.1712
0.1716
0.1716
0.1716
0.1728
0.174
0.174
0.1748
0.1752
0.1756
0.176
0.176
0.1768
0.1816
0.1872
0.192
0.1932
0.1952
0.1968
0.1972
0.198
